1 2 3 4 5 6 F 8 9 10 11 12 13 F 15 16 17 18 19 20 F 22 23 24 25 26 27 F 29 30 31 32 33 34 F 
1 F 3 F 5 FB 7 F 9 F 11 FB 13 F 15 F 17 FB 19 F 21 F 23 FB 25 F 
1 2 F 4 5 F 7 8 FB 10 11 F 13 14 
1 2 F 4 5 F 7 8 FB 10 11 F 13 14 F 16 17 FB 19 20 F 22 23 F 25 26 FB 28 29 F 31 32 F 34 35 FB 37 38 F 40 41 F 
+--------ERROR--------+
1 2 3 4 5 6 7 8 F 10 11 12 13 14 15 16 17 F 19 20 21 22 23 24 25 26 F 28 29 30 31 32 33 34 35 F 37 38 39 40 41 42 43 44 F 46 47 
1 2 3 4 5 6 7 8 FB 10 11 12 13 14 15 16 17 FB 19 20 21 22 23 24 25 26 FB 28 29 30 31 32 33 34 35 FB 37 38 39 40 41 42 43 44 FB 46 47 
+--------ERROR--------+
F 
+--------ERROR--------+
1 2 F 
1 2 3 4 FB 6 7 8 9 FB 11 12 13 14 FB 16 17 18 
1 2 3 4 5 6 7 8 9 FB 11 12 13 14 15 16 17 18 19 FB 21 22 23 24 25 26 27 28 29 
1 2 3 4 5 6 7 8 F 10 11 12 13 14 15 16 17 FB 19 20 21 22 23 24 25 26 F 28 29 30 31 32 33 34 35 FB 37 38 39 40 41 42 43 44 F 46 
1 2 3 F 5 6 7 FB 9 10 11 F 13 14 15 FB 17 18 19 F 21 22 23 FB 25 26 27 F 29 30 31 FB 33 34 35 F 37 38 39 FB 41 42 43 F 45 46 
1 F 3 F 5 FB 7 F 9 F 11 FB 13 F 15 F 17 FB 19 F 21 F 23 FB 25 F 27 F 29 FB 
1 2 3 4 5 6 7 8 9 F 11 12 13 14 15 
1 2 F 4 5 FB 7 8 F 10 11 FB 13 14 F 16 17 FB 19 20 F 22 23 FB 25 26 F 28 29 FB 31 32 F 34 35 FB 37 38 F 40 41 FB 43 44 F 
1 2 F 4 5 F 7 8 F 10 11 F 13 14 F 16 17 F 19 20 F 22 23 FB 25 26 F 28 29 F 31 32 F 34 
1 2 3 4 F 6 7 8 9 FB 11 12 13 14 F 16 17 18 19 FB 
